01111110011010010001100101001101
1111001101001111010101110111111
001001011110000101000110000100110
01000100011001111100000100010
100111111010011001101101110010011
00100001100111100011101100000100000
100000000001010110100101001001111
10001011111010110000000101001010
01011100110111101110110001010111
111101101100001110101111000111110
00001000100000000010111110110000001
10000100100100100101010101011111
011111110100111110011111100001111
1110010000010101101101111111101
1101001010100000011010011110001
100110010001110100010000111100
01100010110100100010111000100000011
101000100010000011100011011010111
1011110010010010000100111110
101011111110011001110110001011
101101010000001101001011100100011
001011101110001001111000011111101
1000010101111011010010001110011
00111100111111111111110011100
111000011000110001000110110111111
110111001100100110001101100110110011
001000101001001001110101100100
011110011001111010010010101010000
0101010100100111111111010111110110101
0101011110011011101111101110100110
11111101111110111100100111100101100001
000100011000101110110010100
101100110100110010110100011010101
01000101111000011011001100111101
11001110110001011111010111011111100
1101010010110000101010110000000
11000100101001111011110001001
00011111111000001011011011110011
1001111010110000110001110111011011
0111100011011101001010100010110
00000111000011111111000001101110
1010000010000001101101011010111010000
001010011011110011011100001001
010100000000100100010010000110
110011010000011101101000110
100001000011001101111011010
1001101010011011001000010010100010
